1 2
2 1
1 3
3 1
1 4
4 1
1 5
5 1
1 6
6 1
1 8
8 1
1 10
10 1
1 22
22 1
1 23
23 1
1 26
26 1
1 32
32 1
1 33
33 1
1 34
34 1
1 37
37 1
1 41
41 1
1 42
42 1
1 47
47 1
3 5
5 3
3 6
6 3
3 7
7 3
3 9
9 3
3 10
10 3
3 12
12 3
3 16
16 3
3 18
18 3
3 22
22 3
3 25
25 3
3 30
30 3
3 39
39 3
3 42
42 3
3 44
44 3
3 48
48 3
4 5
5 4
4 8
8 4
4 9
9 4
4 12
12 4
4 13
13 4
4 16
16 4
4 17
17 4
4 18
18 4
4 19
19 4
4 22
22 4
4 25
25 4
4 35
35 4
4 39
39 4
4 43
43 4
5 6
6 5
5 7
7 5
5 8
8 5
5 11
11 5
5 12
12 5
5 13
13 5
5 14
14 5
5 19
19 5
5 27
27 5
5 29
29 5
5 35
35 5
5 36
36 5
5 38
38 5
5 40
40 5
5 49
49 5
6 7
7 6
6 9
9 6
6 10
10 6
6 11
11 6
6 20
20 6
6 21
21 6
6 27
27 6
6 34
34 6
6 38
38 6
7 11
11 7
7 15
15 7
7 20
20 7
7 23
23 7
7 31
31 7
7 33
33 7
7 47
47 7
8 24
24 8
8 31
31 8
8 34
34 8
8 46
46 8
9 14
14 9
9 45
45 9
10 21
21 10
10 27
27 10
10 28
28 10
10 31
31 10
10 42
42 10
10 44
44 10
10 47
47 10
11 17
17 11
11 24
24 11
11 30
30 11
11 36
36 11
11 39
39 11
12 13
13 12
12 15
15 12
12 24
24 12
13 14
14 13
13 18
18 13
13 19
19 13
13 20
20 13
13 25
25 13
13 26
26 13
13 29
29 13
13 30
30 13
13 43
43 13
14 15
15 14
14 16
16 14
15 17
17 15
15 21
21 15
15 28
28 15
15 50
50 15
16 26
26 16
16 50
50 16
17 37
37 17
18 36
36 18
18 48
48 18
19 23
23 19
19 32
32 19
20 40
40 20
21 35
35 21
23 45
45 23
26 28
28 26
26 33
33 26
26 38
38 26
26 48
48 26
26 49
49 26
27 29
29 27
27 49
49 27
30 32
32 30
30 40
40 30
31 44
44 31
33 37
37 33
34 46
46 34
35 41
41 35
35 50
50 35
38 41
41 38
38 43
43 38
40 46
46 40
43 45
45 43
