1 2
2 1
1 3
3 1
1 4
4 1
1 5
5 1
1 7
7 1
1 13
13 1
1 14
14 1
1 17
17 1
1 19
19 1
1 20
20 1
1 22
22 1
1 26
26 1
2 4
4 2
2 6
6 2
2 8
8 2
2 9
9 2
2 15
15 2
2 17
17 2
2 30
30 2
2 32
32 2
2 33
33 2
2 37
37 2
2 42
42 2
3 35
35 3
4 5
5 4
4 6
6 4
4 7
7 4
4 9
9 4
4 13
13 4
4 14
14 4
4 15
15 4
4 24
24 4
4 28
28 4
4 29
29 4
4 31
31 4
4 33
33 4
4 49
49 4
5 8
8 5
5 10
10 5
5 11
11 5
5 20
20 5
5 37
37 5
5 46
46 5
6 16
16 6
7 12
12 7
7 16
16 7
7 38
38 7
7 41
41 7
8 11
11 8
8 31
31 8
8 46
46 8
8 49
49 8
9 10
10 9
9 22
22 9
9 25
25 9
9 27
27 9
9 36
36 9
9 39
39 9
9 44
44 9
9 47
47 9
9 48
48 9
10 21
21 10
10 24
24 10
11 12
12 11
11 28
28 11
11 29
29 11
11 43
43 11
12 23
23 12
13 18
18 13
13 23
23 13
14 19
19 14
15 18
18 15
15 47
47 15
16 25
25 16
16 50
50 16
17 35
35 17
19 21
21 19
19 40
40 19
20 34
34 20
21 40
40 21
22 30
30 22
23 26
26 23
23 34
34 23
23 45
45 23
24 36
36 24
24 43
43 24
25 27
27 25
26 38
38 26
26 39
39 26
28 42
42 28
28 45
45 28
30 32
32 30
34 50
50 34
36 48
48 36
37 41
41 37
40 44
44 40
